000001
000002
000003
000005
000006
000008
000009
000010
000011
000013
000017
000018
000019
000021
000022
000024
000025
000027
000028
000029
000031
000032
000033
000034
000035
000036
000037
000039
000040
000041
000042
000043
000044
000045
000046
000048
000049
000050
000052
000053
000056
000057
000059
000061
000062
000063
000064
000065
000066
000067
000068
000069
000070
000073
000075
000076
000077
000078
000079
000080
000081
000084
000085
000086
000087
000088
000089
000090
000092
000093
000095
000096
000097
000098
000099
000100
000101
000102
000104
000105
000106
000107
000108
000109
000110
000112
000113
000114
000115
000116
000117
000118
000119
000120
000121
000122
000123
000124
000126
000127
000128
000130
000133
000136
000138
000140
000141
000143
000144
000145
000146
000147
000148
000149
000150
000151
000154
000157
000158
000160
000162
000165
000166
000167
000168
000170
000171
000173
000174
000175
000176
000177
000178
000179
000181
000182
000183
000184
000185
000186
000187
000189
000191
000192
000193
000194
000196
000198
000199
000200
000202
000203
000204
000205
000206
000208
000209
000210
000211
000212
000213
000214
000215
000216
000217
000218
000222
000223
000224
000225
000226
000227
000228
000229
000232
000234
000235
000236
000237
000238
000241
000242
000243
000244
000246
000247
000248
000249
000250
000253
000255
000256
000257
000258
000259
000260
000265
000266
000267
000268
000269
000270
000272
000273
000274
000275
000276
000277
000278
000279
000280
000281
000282
000285
000286
000287
000290
000291
000292
000294
000295
000297
000298
000299
000304
000306
000307
000308
000309
000310
000312
000314
000315
000316
000319
000321
000322
000323
000324
000325
000326
000327
000328
000330
000331
000332
000333
000335
000336
000339
000340
000342
000344
000345
000346
000347
000349
000350
000352
000354
000356
000357
000359
000360
000362
000363
000365
000366
000368
000369
000370
000371
000372
000375
000376
000377
000378
000381
000382
000383
000384
000385
000386
000388
000389
000391
000392
000393
000394
000395
000397
000398
000400
000401
000403
000405
000407
000408
000409
000410
000411
000412
000413
000414
000416
000417
000418
000421
000422
000423
000424
000426
000428
000429
000430
000432
000433
000434
000435
000436
000437
000438
000439
000441
000442
000443
000444
000445
000446
000447
000448
000449
000450
000451
000452
000454
000455
000457
000458
000459
000460
000462
000464
000466
000468
000470
000472
000473
000475
000476
000478
000479
000480
000481
000482
000483
000484
000485
000486
000487
000489
000490
000491
000492
000493
000495
000496
000498
000501
000502
000503
000504
000506
000508
000510
000511
000513
000514
000516
000517
000519
000520
000521
000523
000524
000526
000528
000529
000530
000531
000533
000534
000537
000538
000539
000540
000542
000544
000545
000546
000547
000549
000550
000551
000552
000555
000556
000557
000558
000559
000560
000561
000563
000564
000566
000568
000569
000571
000573
000574
000575
000576
000577
000578
000581
000582
000587
000588
000589
000591
000592
000595
000596
000597
000598
000599
000600
000601
000603
000604
000606
000608
000609
000610
000611
000612
000613
000615
000616
000617
000618
000619
000621
000622
000623
000625
000626
000627
000629
000631
000632
000633
000635
000636
000638
000639
000641
000642
000643
000644
000645
000647
000650
000651
000652
000654
000656
000657
000658
000659
000660
000661
000662
000664
000665
000666
000667
000668
000670
000673
000674
000675
000676
000677
000678
000680
000681
000682
000683
000684
000689
000691
000692
000694
000695
000696
000698
000699
000701
000702
000703
000704
000705
000706
000707
000708
000709
000710
000711
000712
000713
000714
000716
000717
000720
000722
000725
000726
000728
000729
000730
000731
000732
000734
000735
000737
000738
000739
000740
000741
000742
000744
000745
000746
000749
000750
000751
000752
000753
000756
000758
000759
000760
000761
000762
000763
000764
000765
000766
000767
000769
000771
000772
000773
000774
000777
000779
000780
000781
000783
000784
000785
000786
000789
000790
000791
000792
000794
000795
000796
000797
000798
000799
000803
000804
000805
000806
000807
000808
000810
000811
000813
000814
000815
000817
000820
000821
000824
000826
000827
000828
000830
000831
000832
000834
000835
000836
000837
000838
000839
000840
000841
000842
000843
000845
000846
000847
000848
000849
000850
000852
000853
000854
000856
000857
000859
000861
000862
000863
000865
000866
000867
000868
000869
000870
000872
000874
000875
000876
000877
000879
000880
000882
000884
000885
000886
000887
000889
000890
000893
000895
000896
000897
000898
000899
000900
000901
000902
000903
000904
000905
000907
000908
000909
000910
000912
000913
000914
000915
000917
000918
000919
000920
000921
000922
000923
000925
000926
000927
000928
000929
000931
000933
000934
000936
000938
000939
000940
000941
000942
000943
000944
000946
000947
000948
000950
000951
000952
000953
000954
000955
000956
000957
000958
000959
000960
000962
000963
000964
000965
000966
000967
000968
000969
000970
000974
000975
000976
000978
000980
000981
000982
000983
000986
000988
000989
000990
000991
000992
000993
000994
000995
000996
000997
000998
000999
001000
001001
001002
001004
001006
001007
001009
001010
001011
001012
001013
001014
001015
001016
001018
001019
001020
001021
001023
001024
001025
001026
001028
001029
001030
001032
001035
001036
001037
001038
001039
001040
001041
001042
001043
001044
001045
001046
001047
001048
001049
001051
001053
001054
001055
001056
001059
001061
001062
001063
001064
001065
001066
001067
001070
001071
001072
001073
001074
001075
001076
001077
001078
001079
001081
001082
001083
001084
001086
001087
001088
001091
001092
001094
001095
001097
001098
001099
001100
001101
001102
001103
001104
001105
001106
001107
001108
001109
001110
001113
001114
001115
001116
001117
001118
001120
001121
001122
001123
001126
001127
001128
001129
001130
001131
001132
001133
001136
001137
001138
001139
001140
001141
001142
001143
001144
001145
001146
001147
001149
001150
001151
001153
001154
001155
001156
001158
001159
001160
001161
001162
001163
001164
001166
001167
001168
001169
001170
001172
001173
001174
001175
001176
001177
001178
001179
001180
001181
001182
001183
001185
001187
001188
001189
001190
001191
001192
001195
001196
001197
001200
001202
001203
001204
001205
001206
001207
001208
001209
001210
001211
001212
001214
001216
001217
001219
001220
001221
001223
001225
001226
001227
001228
001229
001230
001231
001232
001233
001234
001235
001236
001239
001240
001241
001242
001243
001244
001245
001246
001247
001248
001249
001250
001251
001253
001254
001255
001257
001260
001261
001262
001263
001265
001269
001270
001271
001272
001273
001274
001275
001276
001277
001278
001279
001282
001284
001287
001288
001289
001292
001293
001295
001297
001298
001299
001300
001302
001303
001304
001305
001306
001310
001312
001313
001314
001315
001316
001317
001319
001320
001322
001323
001324
001325
001326
001327
001328
001332
001337
001338
001339
001340
001341
001342
001343
001344
001345
001346
001347
001348
001349
001350
001351
001353
001354
001355
001359
001361
001362
001363
001365
001366
001367
001368
001372
001373
001374
001375
001377
001378
001380
001381
001383
001387
001388
001389
001390
001391
001392
001393
001395
001396
001397
001398
001399
001400
001401
001404
001405
001406
001407
001408
001410
001411
001412
001413
001415
001416
001417
001418
001419
001420
001421
001423
001425
001429
001430
001431
001433
001436
001437
001438
001439
001440
001441
001442
001443
001444
001448
001449
001451
001452
001453
001454
001456
001457
001458
001459
001461
001462
001463
001464
001465
001467
001468
001469
001470
001471
001473
001474
001477
001478
001479
001480
001481
001482
001483
001484
001486
001487
001489
001490
001493
001495
001497
001498
001499
001500
001503
001504
001505
001506
001507
001508
001509
001512
001513
001514
001515
001517
001518
001519
001520
001521
001522
001523
001524
001526
001527
001528
001529
001530
001531
001533
001534
001536
001537
001538
001540
001541
001542
001543
001544
001545
001546
001547
001548
001549
001551
001554
001555
001556
001557
001558
001562
001563
001564
001565
001566
001567
001568
001570
001571
001573
001574
001575
001577
001578
001580
001581
001582
001583
001584
001585
001586
001588
001589
001590
001591
001592
001593
001594
001596
001597
001598
001599
001600
001601
001602
001607
001608
001609
001610
001611
001612
001614
001615
001621
001624
001625
001627
001628
001629
001631
001632
001633
001634
001635
001637
001638
001639
001641
001642
001643
001645
001646
001647
001648
001649
001650
001651
001652
001653
001655
001656
001657
001660
001661
001663
001664
001665
001666
001667
001668
001669
001670
001671
001672
001673
001674
001675
001677
001678
001680
001681
001682
001683
001684
001685
001686
001687
001689
001690
001692
001694
001695
001696
001697
001698
001702
001703
001704
001705
001706
001707
001708
001710
001711
001712
001713
001714
001715
001716
001717
001718
001719
001720
001721
001722
001724
001725
001727
001728
001729
001730
001731
001732
001733
001734
001735
001738
001739
001740
001741
001742
001743
001745
001747
001749
001750
001751
001752
001753
001754
001755
001756
001757
001758
001759
001760
001761
001762
001763
001764
001766
001767
001768
001769
001771
001772
001773
001774
001775
001777
001778
001779
001782
001783
001784
001785
001786
001787
001788
001789
001790
001791
001792
001793
001794
001795
001797
001799
001800
001802
001803
001805
001806
001807
001808
001809
001810
001811
001812
001813
001814
001815
001816
001818
001819
001822
001823
001824
001825
001826
001827
001828
001829
001830
001831
001832
001834
001835
001836
001837
001839
001840
001841
001842
001843
001847
001848
001849
001850
001852
001853
001854
001855
001856
001858
001860
001864
001865
001866
001867
001868
001869
001870
001871
001872
001874
001875
001876
001878
001879
001880
001882
001885
001886
001887
001888
001890
001893
001894
001895
001896
001898
001900
001901
001904
001905
001906
001907
001909
001910
001911
001912
001914
001915
001917
001918
001920
001921
001922
001925
001926
001927
001929
001930
001932
001933
001934
001936
001938
001939
001940
001943
001945
001946
001947
001949
001950
001952
001955
001957
001958
001959
001960
001961
001963
001964
001966
001967
001968
001969
001970
001971
001972
001973
001974
001975
001976
001977
001978
001979
001981
001982
001984
001985
001986
001987
001989
001990
001992
001993
001994
001995
001996
001997
001999
002000
002001
002002
002003
002004
002005
002006
002007
002009
002010
002011
002012
002013
002014
002015
002016
002017
002018
002020
002021
002025
002026
002028
002029
002030
002031
002032
002033
002034
002035
002036
002037
002038
002039
002042
002043
002044
002046
002047
002048
002049
002050
002051
002052
002053
002054
002055
002058
002059
002061
002062
002063
002065
002066
002067
002068
002070
002071
002072
002073
002074
002075
002076
002077
002079
002080
002081
002083
002084
002085
002086
002087
002088
002089
002090
002091
002092
002093
002094
002095
002096
002097
002098
002099
002100
002101
002102
002103
002106
002107
002108
002109
002110
002111
002112
002113
002114
002115
002117
002119
002120
002121
002122
002123
002124
002126
002127
002129
002131
002132
002133
002136
002137
002138
002139
002140
002142
002144
002145
002146
002147
002148
002150
002151
002152
002156
002157
002158
002159
002160
002161
002162
002163
002164
002165
002166
002167
002169
002173
002175
002176
002179
002181
002183
002184
002186
002187
002188
002189
002190
002192
002193
002194
002195
002196
002198
002199
002200
002202
002203
002204
002205
002206
002207
002208
002209
002211
002212
002213
002214
002215
002217
002218
002219
002220
002221
002222
002224
002225
002226
002230
002231
002233
002234
002235
002236
002237
002238
002240
002243
002246
002249
002250
002251
002252
002254
002255
002258
002259
002261
002262
002263
002264
002265
002266
002267
002268
002269
002273
002274
002275
002276
002277
002279
002280
002282
002283
002284
002285
002286
002287
002288
002289
002293
002295
002296
002297
002298
002299
002300
002301
002302
002303
002304
002305
002306
002308
002309
002310
002312
002313
002314
002315
002316
002320
002321
002322
002323
002324
002326
002327
002328
002329
002330
002332
002333
002334
002335
002336
002338
002339
002341
002342
002344
002345
002347
002348
002350
002351
002352
002353
002354
002356
002357
002359
002360
002361
002362
002363
002364
002365
002368
002369
002372
002375
002376
002378
002380
002381
002382
002384
002385
002386
002387
002388
002389
002390
002391
002392
002394
002395
002396
002398
002399
002400
002401
002403
002404
002405
002407
002408
002409
002410
002412
002413
002414
002415
002417
002418
002421
002422
002423
002425
002426
002427
002428
002429
002430
002431
002432
002433
002434
002435
002437
002438
002439
002440
002441
002442
002443
002444
002445
002447
002448
002449
002450
002451
002452
002453
002455
002456
002457
002459
002461
002462
002463
002464
002465
002466
002467
002468
002469
002470
002471
002472
002474
002476
002477
002479
002480
002481
002482
002483
002485
002486
002487
002489
002491
002492
002494
002496
002498
002499
002500
002501
002502
002503
002505
002506
002509
002510
002511
002513
002514
002515
002516
002518
002520
002521
002524
002525
002527
002528
002529
002535
002536
002537
002538
002541
002542
002545
002546
002547
002549
002550
002551
002552
002553
002554
002555
002557
002560
002561
002564
002565
002569
002570
002571
002572
002573
002574
002575
002576
002578
002579
002580
002581
002582
002584
002586
002587
002588
002589
002590
002591
002593
002594
002596
002597
002598
002600
002601
002603
002604
002605
002608
002609
002611
002613
002614
002615
002616
002617
002618
002619
002620
002621
002623
002624
002626
002627
002628
002629
002630
002632
002633
002634
002635
002636
002637
002638
002639
002641
002642
002644
002645
002648
002649
002650
002651
002652
002653
002654
002655
002656
002657
002658
002659
002660
002661
002662
002663
002664
002665
002668
002669
002670
002671
002672
002673
002674
002676
002677
002678
002680
002683
002684
002685
002687
002688
002689
002690
002691
002692
002694
002695
002696
002697
002700
002702
002705
002706
002707
002708
002709
002710
002711
002712
002713
002714
002717
002718
002719
002720
002721
002724
002725
002726
002728
002732
002735
002736
002737
002738
002741
002742
002743
002744
002745
002747
002748
002749
002750
002752
002753
002754
002755
002756
002757
002760
002761
002762
002763
002764
002765
002766
002767
002768
002769
002770
002771
002773
002774
002775
002777
002778
002780
002781
002782
002784
002785
002786
002787
002788
002791
002792
002794
002796
002798
002799
002800
002801
002802
002803
002805
002809
002810
002811
002813
002815
002817
002818
002819
002820
002821
002822
002824
002825
002826
002827
002828
002831
002832
002834
002835
002836
002837
002838
002841
002842
002843
002844
002845
002846
002847
002849
002850
002851
002852
002853
002855
002856
002857
002858
002861
002862
002863
002864
002866
002868
002869
002872
002873
002874
002875
002876
002877
002878
002879
002880
002881
002882
002883
002885
002886
002887
002888
002889
002890
002891
002892
002894
002895
002896
002897
002898
002901
002902
002903
002904
002905
002906
002907
002908
002909
002910
002911
002913
002914
002915
002916
002918
002919
002921
002922
002923
002924
002925
002926
002928
002929
002930
002931
002932
002933
002934
002935
002936
002938
002939
002940
002941
002942
002943
002944
002945
002946
002947
002948
002949
002950
002951
002952
002953
002954
002957
002958
002959
002960
002962
002963
002964
002965
002966
002967
002968
002969
002970
002971
002972
002973
002974
002975
002976
002977
002978
002979
002980
002981
002982
002983
002984
002985
002986
002987
002988
002989
002990
002991
002995
002996
002997
002998
003000
003002
003003
003004
003005
003008
003010
003011
003012
003014
003015
003017
003018
003019
003020
003022
003023
003025
003026
003028
003029
003030
003031
003034
003035
003036
003037
003038
003039
003040
003041
003042
003043
003044
003045
003048
003049
003050
003056
003058
003059
003060
003061
003062
003063
003064
003065
003066
003067
003068
003069
003071
003072
003073
003074
003076
003077
003078
003079
003080
003082
003084
003085
003086
003087
003088
003090
003091
003093
003095
003096
003097
003098
003099
003100
003104
003105
003106
003107
003108
003110
003111
003112
003113
003114
003115
003116
003118
003119
003120
003121
003122
003123
003125
003126
003127
003129
003131
003132
003133
003134
003135
003136
003138
003139
003140
003141
003144
003145
003146
003147
003148
003149
003150
003152
003153
003155
003156
003157
003158
003159
003160
003161
003164
003166
003167
003169
003170
003171
003172
003173
003174
003177
003178
003180
003181
003182
003183
003184
003185
003186
003187
003189
003190
003191
003192
003193
003194
003196
003197
003198
003199
003200
003201
003202
003203
003204
003205
003206
003207
003208
003209
003210
003211
003212
003213
003215
003216
003219
003221
003222
003223
003224
003225
003226
003227
003229
003230
003232
003233
003234
003235
003236
003237
003238
003239
003241
003242
003244
003245
003246
003247
003248
003249
003250
003251
003252
003253
003254
003255
003258
003259
003260
003262
003263
003264
003266
003267
003268
003269
003270
003272
003273
003274
003277
003278
003279
003280
003281
003282
003283
003284
003286
003287
003288
003290
003291
003292
003293
003294
003295
003296
003297
003298
003299
003300
003301
003303
003304
003307
003308
003309
003310
003314
003315
003316
003317
003318
003319
003320
003322
003323
003324
003325
003326
003329
003330
003332
003335
003337
003338
003339
003341
003343
003345
003347
003349
003350
003351
003352
003354
003356
003360
003361
003362
003365
003366
003368
003369
003370
003371
003372
003373
003374
003376
003377
003378
003380
003381
003382
003383
003384
003386
003389
003392
003394
003398
003401
003402
003403
003404
003408
003409
003410
003411
003413
003415
003416
003417
003418
003419
003421
003422
003423
003424
003425
003426
003427
003428
003429
003430
003431
003432
003435
003436
003437
003438
003439
003440
003442
003443
003444
003445
003446
003447
003448
003449
003450
003451
003452
003453
003454
003455
003457
003458
003459
003462
003463
003464
003465
003466
003467
003470
003471
003472
003473
003474
003477
003478
003479
003480
003485
003487
003488
003489
003490
003491
003492
003493
003494
003496
003497
003498
003499
003500
003502
003504
003506
003507
003508
003509
003510
003513
003514
003516
003518
003519
003520
003521
003522
003524
003525
003526
003528
003529
003530
003531
003532
003533
003535
003536
003537
003540
003541
003543
003544
003546
003547
003548
003550
003554
003556
003557
003558
003560
003561
003562
003564
003565
003566
003568
003569
003571
003572
003573
003574
003575
003577
003579
003580
003581
003582
003583
003584
003586
003587
003588
003590
003591
003592
003593
003594
003595
003597
003598
003600
003601
003602
003603
003604
003605
003609
003610
003611
003612
003613
003614
003615
003616
003617
003618
003619
003620
003622
003623
003624
003625
003626
003627
003628
003629
003632
003633
003637
003638
003639
003640
003641
003643
003644
003645
003646
003647
003648
003649
003650
003651
003652
003653
003654
003656
003657
003659
003660
003662
003663
003664
003665
003667
003668
003669
003671
003672
003673
003674
003675
003676
003678
003679
003680
003681
003682
003685
003686
003687
003688
003689
003690
003691
003693
003694
003695
003696
003697
003698
003699
003700
003702
003704
003705
003707
003708
003709
003710
003712
003714
003716
003720
003722
003723
003724
003725
003727
003728
003729
003731
003732
003734
003735
003736
003737
003738
003739
003740
003741
003742
003743
003744
003745
003747
003748
003749
003750
003751
003752
003753
003754
003755
003756
003757
003758
003759
003761
003762
003763
003764
003765
003767
003770
003771
003772
003773
003774
003775
003776
003777
003778
003779
003780
003781
003782
003783
003785
003787
003788
003789
003791
003792
003793
003794
003796
003797
003799
003800
003801
003802
003803
003804
003805
003807
003808
003811
003812
003813
003814
003816
003817
003818
003819
003821
003822
003823
003825
003828
003829
003830
003831
003832
003834
003836
003837
003838
003839
003840
003841
003842
003843
003844
003845
003846
003847
003848
003850
003852
003853
003854
003856
003857
003858
003859
003860
003861
003862
003863
003865
003866
003868
003869
003870
003871
003872
003873
003874
003875
003876
003877
003879
003880
003881
003882
003883
003884
003886
003887
003888
003889
003890
003892
003894
003895
003896
003897
003898
003899
003900
003901
003902
003903
003905
003906
003907
003908
003909
003910
003911
003912
003913
003914
003915
003918
003919
003920
003921
003922
003923
003924
003925
003926
003927
003928
003929
003930
003931
003932
003933
003934
003935
003937
003938
003939
003942
003943
003944
003946
003947
003948
003949
003950
003951
003952
003953
003955
003956
003957
003958
003959
003960
003961
003963
003964
003965
003969
003970
003972
003974
003975
003977
003978
003979
003980
003981
003982
003983
003984
003985
003986
003988
003990
003991
003993
003994
003995
003996
004000
004002
004004
004005
004006
004007
004008
004009
004010
004012
004013
004014
004015
004016
004017
004018
004020
004021
004022
004023
004024
004025
004027
004028
004029
004031
004032
004034
004035
004036
004037
004038
004039
004040
004041
004042
004044
004045
004046
004047
004048
004049
004051
004052
004053
004054
004055
004056
004058
004059
004060
004061
004062
004063
004064
004066
004068
004069
004072
004074
004075
004076
004077
004078
004079
004081
004083
004084
004085
004086
004090
004092
004093
004095
004096
004098
004100
004101
004102
004103
004105
004106
004109
004110
004111
004112
004113
004114
004116
004117
004118
004119
004121
004122
004123
004124
004125
004126
004127
004128
004129
004130
004131
004132
004133
004134
004135
004137
004138
004139
004141
004142
004143
004146
004148
004149
004150
004152
004153
004155
004157
004158
004159
004160
004161
004162
004163
004164
004165
004166
004168
004169
004170
004171
004173
004175
004176
004177
004178
004179
004180
004181
004182
004184
004185
004189
004190
004192
004193
004194
004195
004196
004197
004199
004200
004201
004202
004204
004205
004206
004207
004209
004210
004211
004212
004218
004219
004220
004221
004222
004223
004224
004225
004226
004227
004230
004232
004233
004234
004235
004236
004237
004238
004239
004241
004246
004247
004248
004250
004251
004252
004253
004256
004257
004258
004259
004260
004261
004262
004263
004264
004265
004266
004267
004268
004269
004270
004271
004272
004273
004274
004276
004277
004278
004279
004280
004281
004282
004285
004286
004287
004288
004289
004291
004292
004293
004294
004296
004297
004298
004299
004301
004306
004307
004308
004309
004310
004311
004312
004314
004315
004316
004317
004318
004319
004322
004323
004324
004325
004326
004327
004328
004331
004332
004333
004334
004336
004339
004340
004341
004342
004343
004345
004347
004348
004349
004350
004351
004352
004353
004354
004355
004357
004360
004362
004363
004364
004366
004368
004369
004370
004371
004372
004373
004374
004375
004376
004377
004379
004381
004382
004383
004385
004388
004389
004390
004391
004392
004393
004394
004396
004397
004398
004399
004400
004401
004403
004404
004405
004406
004407
004408
004409
004410
004411
004412
004413
004414
004415
004416
004418
004419
004420
004421
004422
004423
004424
004425
004427
004428
004432
004433
004434
004435
004436
004437
004438
004440
004441
004443
004444
004445
004446
004449
004450
004451
004452
004454
004455
004457
004459
004460
004461
004462
004464
004465
004466
004467
004468
004469
004470
004471
004472
004473
004474
004476
004477
004479
004482
004483
004484
004485
004486
004487
004489
004490
004491
004493
004495
004496
004497
004498
004499
004500
004501
004502
004503
004504
004505
004506
004508
004510
004511
004512
004513
004514
004515
004516
004517
004518
004520
004522
004524
004525
004527
004528
004529
004531
004532
004533
004535
004536
004537
004538
004540
004542
004546
004548
004549
004550
004551
004553
004555
004556
004557
004558
004559
004561
004562
004564
004565
004566
004567
004568
004569
004570
004571
004572
004573
004574
004575
004577
004579
004582
004583
004584
004585
004587
004588
004589
004590
004592
004593
004595
004597
004598
004599
004600
004603
004606
004607
004608
004609
004610
004611
004612
004613
004614
004617
004619
004620
004621
004623
004624
004625
004626
004627
004628
004629
004631
004632
004633
004634
004635
004636
004638
004639
004640
004642
004643
004644
004645
004646
004649
004651
004652
004653
004654
004655
004656
004657
004658
004659
004661
004662
004663
004664
004665
004668
004669
004670
004671
004674
004675
004677
004678
004679
004680
004681
004682
004683
004685
004686
004689
004690
004692
004693
004695
004696
004698
004699
004700
004701
004702
004704
004707
004708
004709
004710
004711
004712
004713
004714
004715
004716
004717
004718
004720
004721
004722
004723
004726
004728
004730
004732
004733
004735
004736
004737
004739
004740
004741
004742
004743
004744
004746
004749
004751
004752
004753
004754
004756
004757
004758
004759
004760
004766
004767
004768
004770
004771
004772
004773
004774
004775
004776
004777
004778
004781
004783
004784
004785
004787
004788
004789
004790
004791
004792
004794
004795
004798
004799
004801
004803
004804
004807
004809
004812
004813
004814
004815
004816
004817
004818
004819
004820
004824
004825
004826
004827
004829
004831
004832
004834
004837
004838
004839
004841
004842
004843
004845
004846
004848
004849
004851
004852
004853
004854
004855
004856
004857
004858
004859
004861
004862
004865
004866
004867
004868
004869
004871
004872
004874
004875
004876
004877
004878
004880
004881
004884
004885
004886
004887
004888
004889
004892
004893
004894
004895
004896
004897
004898
004899
004900
004901
004902
004905
004906
004907
004908
004909
004911
004913
004914
004915
004916
004918
004919
004920
004921
004922
004923
004925
004926
004928
004929
004931
004932
004934
004935
004937
004938
004939
004941
004943
004945
004947
004948
004949
004950
004951
004952
004954
004955
004956
004957
004958
004960
004963
004964
004966
004968
004969
004970
004971
004972
004974
004975
004976
004977
004978
004979
004980
004982
004984
004985
004986
004987
004988
004990
004991
004992
004993
004994
004995
004997
004998
004999
005001
005002
005004
005006
005007
005008
005009
005010
005011
005012
005013
005014
005015
005016
005017
005018
005019
005022
005023
005024
005025
005027
005032
005033
005034
005036
005037
005038
005039
005040
005043
005044
005045
005049
005050
005051
005052
005053
005054
005055
005056
005058
005059
005060
005061
005062
005063
005069
005070
005073
005075
005076
005077
005078
005079
005080
005081
005082
005084
005085
005086
005088
005089
005092
005094
005095
005096
005097
005100
005101
005103
005104
005106
005108
005109
005111
005112
005113
005114
005115
005117
005118
005121
005123
005124
005127
005128
005129
005130
005131
005132
005134
005135
005136
005137
005138
005139
005140
005141
005143
005144
005145
005147
005148
005149
005151
005152
005153
005154
005155
005160
005161
005162
005164
005165
005167
005168
005170
005171
005172
005174
005175
005176
005177
005178
005179
005180
005181
005182
005183
005184
005185
005186
005187
005189
005190
005191
005193
005194
005195
005196
005198
005200
005201
005202
005203
005205
005206
005207
005208
005210
005213
005214
005216
005217
005218
005219
005220
005221
005222
005223
005224
005225
005226
005227
005228
005229
005231
005233
005234
005235
005236
005237
005238
005239
005240
005241
005242
005243
005244
005245
005246
005247
005248
005249
005250
005251
005252
005253
005254
005255
005256
005257
005261
005263
005264
005266
005267
005269
005270
005272
005274
005277
005278
005279
005280
005282
005283
005284
005285
005286
005288
005289
005290
005291
005292
005293
005294
005295
005297
005298
005299
005300
005302
005303
005304
005306
005307
005308
005309
005310
005311
005312
005313
005317
005319
005320
005321
005322
005323
005324
005325
005326
005327
005328
005329
005330
005334
005335
005336
005337
005338
005339
005340
005341
005342
005343
005345
005346
005348
005349
005351
005352
005353
005355
005356
005358
005359
005360
005361
005362
005363
005364
005365
005366
005367
005369
005370
005371
005375
005376
005377
005378
005379
005380
005382
005383
005384
005385
005386
005388
005389
005390
005391
005392
005393
005394
005395
005396
005397
005399
005400
005402
005403
005404
005405
005406
005407
005408
005409
005411
005412
005413
005415
005416
005417
005418
005419
005420
005421
005422
005425
005426
005427
005428
005431
005433
005434
005438
005439
005440
005441
005442
005444
005445
005446
005449
005450
005451
005452
005453
005454
005455
005456
005458
005459
005460
005461
005462
005463
005464
005465
005466
005467
005469
005470
005471
005472
005473
005474
005475
005476
005477
005478
005481
005482
005485
005487
005488
005490
005491
005494
005495
005496
005497
005498
005500
005502
005504
005505
005508
005509
005510
005511
005512
005513
005514
005515
005517
005518
005519
005521
005522
005524
005525
005526
005527
005528
005529
005531
005532
005533
005535
005537
005538
005539
005541
005542
005543
005544
005545
005548
005550
005551
005555
005556
005557
005559
005562
005563
005564
005565
005567
005568
005569
005570
005572
005573
005574
005575
005576
005578
005579
005580
005581
005582
005583
005586
005587
005589
005590
005591
005594
005596
005597
005600
005601
005602
005603
005604
005605
005606
005607
005610
005611
005612
005613
005614
005616
005617
005618
005620
005621
005622
005623
005624
005625
005626
005628
005629
005630
005633
005634
005635
005636
005637
005641
005643
005644
005646
005647
005648
005650
005651
005653
005654
005655
005656
005657
005659
005660
005661
005662
005664
005665
005666
005667
005668
005671
005672
005673
005674
005675
005676
005677
005680
005681
005682
005684
005685
005686
005687
005688
005689
005690
005691
005692
005693
005695
005696
005697
005698
005699
005700
005701
005703
005704
005705
005710
005711
005712
005713
005714
005715
005716
005718
005719
005720
005721
005722
005723
005725
005726
005727
005728
005730
005732
005733
005734
005735
005740
005741
005742
005743
005744
005745
005748
005751
005752
005753
005754
005755
005758
005761
005762
005764
005765
005766
005767
005769
005771
005772
005773
005776
005778
005779
005780
005781
005784
005785
005786
005788
005789
005790
005792
005794
005795
005796
005797
005799
005800
005801
005802
005803
005804
005805
005807
005808
005810
005811
005812
005813
005814
005815
005817
005818
005819
005820
005821
005822
005823
005824
005825
005826
005827
005828
005829
005832
005833
005834
005836
005837
005838
005840
005841
005843
005844
005845
005846
005847
005849
005850
005851
005852
005853
005854
005855
005856
005857
005858
005859
005860
005863
005864
005865
005866
005867
005871
005872
005873
005874
005876
005877
005879
005880
005881
005882
005883
005885
005886
005887
005888
005889
005890
005891
005892
005893
005894
005895
005896
005898
005900
005901
005902
005903
005905
005907
005908
005909
005910
005912
005913
005914
005915
005916
005917
005919
005920
005921
005922
005926
005927
005933
005934
005935
005936
005937
005938
005939
005940
005941
005942
005943
005944
005945
005946
005947
005948
005949
005950
005952
005953
005954
005955
005957
005958
005960
005962
005963
005964
005965
005966
005967
005968
005969
005970
005971
005972
005973
005975
005976
005977
005980
005981
005982
005983
005984
005985
005986
005991
005992
005993
005994
005995
005997
005999
006000
006001
006002
006003
006004
006005
006007
006010
006012
006014
006020
006021
006022
006023
006025
006026
006027
006029
006030
006031
006033
006036
006037
006039
006040
006041
006042
006044
006045
006046
006048
006049
006050
006051
006052
006053
006054
006055
006056
006057
006060
006061
006063
006064
006065
006066
006067
006068
006069
006070
006072
006073
006074
006075
006076
006077
006078
006080
006081
006084
006085
006086
006087
006088
006090
006091
006092
006093
006095
006098
006099
006100
006101
006102
006104
006105
006106
006107
006108
006110
006111
006112
006114
006115
006116
006117
006122
006123
006125
006126
006127
006129
006130
006131
006132
006134
006135
006136
006138
006139
006140
006141
006142
006143
006144
006145
006147
006148
006149
006150
006152
006153
006154
006156
006157
006158
006159
006160
006161
006162
006163
006164
006166
006167
006168
006169
006170
006171
006172
006173
006174
006175
006176
006178
006179
006180
006181
006182
006183
006184
006185
006186
006187
006189
006190
006191
006194
006195
006198
006201
006202
006204
006205
006207
006208
006209
006211
006212
006215
006217
006219
006220
006221
006222
006226
006227
006229
006230
006231
006232
006233
006234
006237
006238
006239
006240
006241
006244
006245
006247
006248
006249
006251
006252
006253
006254
006255
006257
006258
006259
006260
006262
006263
006264
006265
006266
006267
006268
006269
006270
006271
006273
006274
006275
006276
006278
006279
006280
006281
006282
006284
006285
006286
006287
006288
006289
006291
006293
006294
006295
006296
006297
006299
006302
006303
006304
006305
006306
006307
006308
006309
006310
006311
006313
006314
006315
006316
006318
006319
006321
006322
006323
006328
006332
006335
006336
006337
006338
006339
006341
006342
006343
006344
006345
006347
006348
006349
006350
006351
006353
006354
006355
006356
006357
006359
006360
006361
006363
006364
006365
006366
006367
006368
006370
006372
006373
006374
006377
006378
006379
006380
006381
006382
006384
006385
006389
006390
006391
006392
006393
006394
006395
006398
006399
006400
006401
006402
006403
006404
006406
006408
006409
006410
006411
006414
006416
006419
006422
006424
006425
006426
006427
006428
006429
006430
006432
006433
006434
006436
006439
006442
006443
006444
006445
006446
006447
006448
006450
006451
006452
006453
006455
006456
006457
006460
006461
006462
006463
006464
006465
006466
006468
006470
006471
006472
006473
006474
006475
006477
006478
006479
006480
006482
006483
006485
006486
006487
006488
006489
006490
006491
006492
006494
006495
006496
006498
006499
006500
006503
006504
006505
006506
006507
006508
006509
006511
006512
006513
006514
006516
006517
006519
006520
006521
006522
006523
006526
006528
006529
006530
006533
006534
006535
006536
006537
006538
006539
006540
006541
006542
006543
006545
006546
006547
006548
006549
006552
006553
006554
006555
006556
006557
006558
006559
006560
006562
006563
006564
006565
006566
006568
006570
006571
006572
006573
006574
006575
006576
006577
006578
006579
006580
006582
006583
006584
006586
006587
006589
006591
006592
006595
006596
006597
006598
006599
006600
006602
006604
006605
006606
006607
006609
006610
006611
006612
006614
006615
006616
006617
006619
006621
006622
006623
006624
006626
006627
006628
006629
006630
006631
006633
006635
006636
006638
006639
006640
006641
006642
006643
006644
006645
006646
006648
006649
006650
006651
006652
006655
006656
006657
006658
006659
006662
006663
006665
006666
006667
006669
006670
006671
006672
006673
006674
006675
006676
006677
006678
006679
006680
006681
006682
006683
006684
006686
006687
006688
006689
006690
006691
006692
006694
006695
006696
006697
006698
006699
006700
006702
006703
006704
006705
006707
006708
006709
006710
006711
006712
006713
006714
006715
006716
006721
006722
006725
006726
006727
006728
006729
006730
006731
006732
006735
006739
006740
006742
006743
006744
006745
006746
006750
006751
006752
006753
006755
006756
006758
006760
006761
006763
006764
006765
006767
006768
006769
006770
006771
006772
006773
006774
006776
006777
006778
006779
006780
006781
006782
006784
006786
006787
006788
006789
006791
006792
006793
006794
006795
006797
006798
006799
006800
006801
006802
006803
006804
006805
006806
006807
006808
006809
006810
006811
006812
006813
006814
006815
006816
006817
006818
006819
006820
006824
006825
006826
006827
006828
006829
006830
006832
006833
006834
006835
006836
006837
006838
006840
006841
006842
006843
006844
006845
006846
006847
006848
006849
006850
006851
006852
006856
006857
006859
006860
006862
006863
006864
006865
006866
006867
006869
006870
006871
006872
006873
006875
006876
006877
006878
006879
006881
006883
006886
006887
006888
006889
006891
006892
006894
006895
006896
006897
006898
006899
006901
006902
006903
006904
006905
006906
006908
006909
006910
006911
006912
006914
006915
006916
006917
006919
006922
006923
006924
006926
006927
006928
006929
006930
006932
006933
006934
006935
006936
006937
006938
006939
006940
006941
006943
006944
006946
006947
006948
006949
006952
006953
006954
006956
006957
006958
006959
006960
006961
006962
006963
006964
006965
006967
006968
006969
006971
006972
006973
006976
006977
006978
006979
006980
006981
006982
006983
006984
006985
006987
006989
006991
006994
006995
006997
006998
006999
007000
007006
007007
007008
007011
007012
007016
007017
007018
007019
007020
007021
007022
007023
007024
007025
007026
007027
007028
007031
007032
007033
007035
007036
007037
007038
007039
007041
007042
007043
007044
007045
007046
007047
007048
007049
007050
007051
007052
007053
007054
007055
007056
007057
007059
007060
007063
007064
007065
007066
007067
007069
007070
007071
007072
007075
007076
007077
007078
007079
007080
007081
007083
007084
007086
007087
007088
007089
007091
007092
007093
007094
007096
007097
007098
007099
007100
007101
007102
007103
007104
007105
007106
007107
007109
007110
007113
007114
007116
007117
007119
007120
007121
007122
007123
007125
007127
007128
007129
007130
007132
007134
007135
007136
007138
007139
007141
007142
007145
007146
007147
007148
007149
007151
007152
007153
007154
007155
007157
007158
007161
007162
007163
007165
007166
007168
007169
007170
007173
007175
007177
007178
007180
007181
007182
007183
007184
007185
007187
007188
007189
007190
007191
007192
007193
007194
007195
007196
007197
007198
007199
007201
007202
007203
007204
007206
007207
007208
007209
007210
007212
007213
007214
007215
007216
007217
007218
007219
007220
007221
007222
007223
007224
007225
007226
007227
007228
007229
007230
007231
007233
007234
007237
007238
007239
007240
007243
007245
007248
007249
007250
007251
007252
007253
007254
007255
007257
007258
007259
007260
007262
007263
007264
007265
007266
007268
007269
007272
007274
007275
007276
007277
007280
007286
007287
007289
007290
007291
007292
007293
007295
007296
007297
007299
007300
007301
007302
007303
007306
007308
007310
007311
007312
007313
007315
007316
007317
007318
007319
007321
007322
007323
007325
007326
007328
007329
007330
007331
007332
007333
007334
007335
007336
007340
007341
007342
007343
007344
007347
007348
007349
007350
007351
007352
007353
007354
007357
007359
007360
007361
007364
007365
007366
007369
007370
007372
007373
007375
007377
007378
007379
007380
007381
007382
007384
007385
007387
007388
007389
007390
007391
007392
007393
007394
007395
007396
007397
007400
007401
007402
007403
007404
007406
007407
007408
007409
007410
007411
007412
007413
007415
007416
007417
007418
007419
007420
007421
007425
007426
007428
007430
007431
007432
007433
007434
007435
007436
007438
007439
007440
007441
007442
007443
007444
007445
007448
007449
007450
007451
007453
007454
007455
007456
007457
007458
007460
007461
007462
007463
007464
007465
007467
007469
007470
007471
007472
007473
007474
007475
007476
007477
007481
007482
007483
007485
007486
007487
007488
007489
007491
007492
007493
007494
007496
007498
007499
007500
007502
007503
007504
007505
007506
007508
007509
007511
007512
007513
007514
007515
007516
007517
007519
007520
007521
007523
007524
007526
007528
007530
007531
007532
007533
007534
007535
007536
007537
007538
007539
007540
007542
007544
007545
007547
007548
007549
007552
007554
007555
007557
007558
007559
007560
007561
007563
007564
007565
007567
007568
007569
007570
007572
007574
007576
007577
007578
007579
007581
007582
007583
007584
007585
007586
007587
007588
007590
007594
007595
007596
007597
007598
007599
007600
007602
007603
007604
007605
007606
007608
007609
007610
007611
007612
007615
007616
007618
007619
007620
007621
007623
007624
007625
007626
007628
007629
007630
007631
007632
007635
007636
007637
007638
007639
007640
007641
007643
007644
007648
007649
007651
007652
007654
007656
007657
007659
007660
007661
007662
007664
007666
007668
007669
007671
007672
007673
007675
007676
007677
007678
007680
007681
007682
007683
007684
007685
007686
007687
007689
007692
007694
007695
007696
007697
007698
007700
007702
007703
007704
007705
007706
007707
007708
007711
007713
007715
007716
007717
007718
007719
007720
007722
007723
007724
007726
007727
007728
007729
007730
007732
007733
007735
007737
007738
007739
007740
007741
007742
007743
007744
007746
007747
007748
007749
007750
007751
007752
007753
007754
007755
007756
007758
007759
007760
007762
007763
007764
007765
007766
007767
007768
007769
007770
007771
007772
007774
007775
007776
007777
007778
007780
007781
007782
007784
007785
007786
007787
007788
007789
007791
007794
007795
007796
007798
007799
007801
007802
007803
007804
007805
007806
007808
007809
007810
007811
007812
007813
007814
007816
007817
007820
007822
007823
007824
007825
007826
007827
007828
007829
007830
007831
007832
007833
007834
007835
007837
007838
007840
007841
007842
007845
007846
007847
007849
007850
007851
007852
007853
007857
007859
007862
007863
007864
007865
007867
007868
007869
007870
007871
007872
007873
007874
007875
007876
007877
007878
007879
007880
007881
007885
007886
007887
007888
007889
007890
007891
007892
007893
007894
007895
007896
007899
007900
007901
007903
007904
007907
007909
007910
007913
007914
007915
007916
007917
007919
007922
007923
007924
007926
007928
007929
007930
007934
007935
007936
007938
007939
007940
007941
007942
007943
007945
007946
007947
007952
007954
007955
007956
007957
007958
007959
007962
007965
007966
007968
007969
007972
007973
007974
007975
007976
007977
007979
007980
007981
007982
007985
007986
007987
007988
007989
007990
007991
007993
007994
007995
007996
007997
007998
007999
008000
008002
008005
008009
008010
008011
008012
008013
008014
008015
008016
008017
008018
008022
008024
008025
008027
008028
008029
008032
008033
008036
008038
008039
008040
008041
008042
008043
008045
008048
008049
008050
008051
008053
008054
008055
008056
008058
008059
008061
008062
008063
008064
008065
008066
008067
008068
008069
008070
008071
008072
008073
008075
008076
008077
008078
008080
008081
008082
008083
008084
008085
008086
008089
008090
008091
008092
008094
008095
008097
008099
008100
008101
008102
008103
008106
008107
008109
008110
008111
008112
008113
008115
008116
008117
008118
008119
008121
008122
008123
008124
008127
008130
008131
008132
008134
008137
008138
008139
008140
008141
008142
008144
008145
008146
008147
008148
008149
008150
008151
008153
008154
008155
008156
008157
008159
008162
008163
008164
008165
008166
008167
008168
008170
008171
008172
008173
008175
008176
008177
008178
008179
008181
008182
008183
008184
008185
008186
008187
008189
008191
008192
008193
008194
008196
008198
008199
008200
008201
008202
008203
008204
008205
008206
008207
008208
008209
008210
008211
008213
008214
008216
008217
008218
008219
008220
008222
008223
008224
008226
008228
008229
008233
008234
008235
008236
008237
008238
008239
008240
008243
008244
008245
008247
008248
008249
008251
008252
008254
008256
008257
008258
008260
008261
008263
008265
008266
008267
008269
008272
008274
008275
008277
008278
008280
008281
008282
008284
008285
008286
008287
008288
008291
008292
008295
008297
008298
008299
008300
008301
008302
008303
008304
008305
008306
008307
008308
008309
008310
008311
008314
008316
008317
008318
008319
008320
008321
008322
008323
008325
008326
008327
008328
008330
008331
008332
008333
008334
008335
008339
008340
008341
008342
008343
008344
008345
008346
008347
008348
008349
008350
008351
008352
008354
008355
008356
008358
008361
008364
008365
008368
008369
008370
008371
008372
008373
008374
008377
008379
008380
008381
008382
008384
008385
008386
008389
008390
008392
008393
008394
008395
008396
008398
008399
008400
008402
008403
008404
008405
008407
008409
008410
008411
008412
008413
008415
008416
008417
008418
008419
008420
008422
008423
008424
008425
008426
008427
008428
008430
008431
008434
008435
008436
008437
008438
008439
008440
008441
008442
008443
008445
008446
008450
008451
008452
008453
008454
008456
008457
008458
008459
008460
008462
008463
008465
008467
008468
008469
008470
008471
008472
008473
008474
008475
008476
008477
008480
008485
008486
008487
008489
008490
008491
008492
008493
008495
008496
008497
008498
008499
008500
008501
008505
008506
008508
008509
008510
008512
008513
008516
008518
008519
008520
008521
008522
008523
008525
008526
008527
008528
008529
008530
008531
008532
008533
008534
008536
008537
008538
008539
008541
008542
008543
008544
008545
008547
008552
008553
008554
008555
008556
008557
008558
008559
008561
008563
008564
008565
008567
008568
008569
008570
008571
008573
008574
008575
008576
008577
008578
008580
008582
008583
008584
008585
008587
008588
008589
008590
008591
008592
008594
008596
008598
008599
008600
008602
008603
008604
008605
008606
008607
008608
008610
008611
008612
008613
008614
008615
008616
008617
008618
008620
008621
008624
008625
008626
008627
008628
008629
008631
008634
008635
008636
008637
008638
008639
008640
008641
008643
008644
008645
008646
008647
008649
008650
008651
008652
008653
008654
008655
008656
008659
008660
008661
008662
008664
008667
008669
008670
008671
008672
008674
008675
008677
008678
008679
008681
008683
008685
008686
008687
008688
008690
008691
008692
008696
008697
008698
008699
008700
008701
008703
008704
008705
008707
008709
008710
008712
008713
008714
008717
008718
008719
008720
008721
008722
008723
008725
008726
008728
008729
008730
008731
008732
008733
008737
008738
008740
008743
008744
008746
008748
008749
008751
008753
008754
008755
008756
008758
008760
008761
008762
008763
008764
008766
008767
008769
008770
008772
008773
008774
008775
008776
008778
008779
008780
008781
008783
008786
008787
008789
008790
008791
008792
008795
008796
008799
008802
008803
008804
008805
008806
008807
008808
008809
008812
008813
008814
008815
008816
008818
008819
008820
008821
008822
008823
008825
008827
008830
008832
008833
008834
008835
008836
008837
008840
008841
008842
008844
008846
008847
008849
008850
008851
008853
008854
008855
008856
008857
008858
008860
008861
008862
008863
008864
008865
008867
008869
008870
008871
008872
008873
008874
008875
008876
008878
008879
008880
008881
008882
008884
008885
008886
008887
008888
008889
008890
008893
008894
008897
008898
008899
008900
008902
008904
008905
008906
008907
008908
008912
008913
008914
008916
008917
008918
008919
008920
008921
008922
008924
008925
008926
008927
008928
008930
008931
008932
008933
008934
008935
008936
008937
008938
008940
008941
008942
008943
008944
008945
008946
008947
008948
008949
008950
008951
008953
008954
008955
008956
008957
008959
008960
008961
008962
008963
008964
008965
008967
008970
008971
008972
008973
008974
008975
008976
008977
008980
008981
008982
008983
008984
008985
008986
008987
008988
008989
008990
008991
008992
008993
008996
008997
008998
008999
009001
009002
009003
009009
009010
009011
009012
009013
009014
009016
009017
009018
009019
009020
009022
009024
009025
009026
009027
009030
009031
009032
009035
009039
009040
009042
009043
009046
009048
009051
009054
009055
009056
009057
009061
009063
009066
009067
009068
009070
009072
009074
009075
009076
009079
009080
009082
009083
009085
009086
009087
009088
009089
009090
009091
009093
009094
009095
009097
009098
009099
009100
009101
009102
009103
009104
009107
009108
009109
009110
009112
009113
009114
009117
009118
009120
009123
009124
009127
009128
009129
009130
009131
009132
009133
009136
009137
009138
009141
009142
009143
009144
009146
009147
009148
009150
009151
009153
009154
009155
009157
009158
009159
009162
009164
009165
009166
009167
009168
009169
009170
009171
009172
009173
009175
009176
009177
009181
009183
009184
009185
009187
009189
009190
009192
009193
009194
009195
009196
009197
009199
009200
009202
009203
009204
009207
009208
009211
009212
009215
009216
009217
009218
009219
009220
009221
009222
009223
009224
009225
009226
009227
009231
009232
009233
009234
009235
009236
009238
009239
009240
009242
009244
009245
009246
009247
009248
009249
009251
009252
009253
009255
009256
009257
009260
009262
009263
009264
009266
009268
009270
009271
009272
009273
009274
009275
009276
009279
009285
009288
009289
009290
009292
009294
009296
009297
009299
009300
009301
009303
009306
009307
009308
009309
009310
009311
009313
009316
009319
009320
009323
009324
009325
009327
009328
009329
009330
009331
009332
009333
009337
009340
009342
009343
009344
009345
009346
009347
009348
009349
009351
009352
009353
009354
009356
009357
009359
009362
009363
009364
009365
009366
009367
009369
009371
009372
009373
009374
009375
009377
009378
009379
009380
009383
009385
009388
009389
009390
009391
009394
009395
009397
009398
009399
009400
009401
009402
009403
009404
009405
009407
009408
009410
009413
009414
009415
009416
009417
009418
009419
009420
009421
009422
009423
009425
009428
009429
009431
009432
009433
009435
009436
009437
009438
009439
009440
009442
009443
009444
009445
009446
009449
009450
009451
009452
009453
009454
009455
009458
009459
009460
009461
009462
009463
009464
009465
009466
009467
009468
009470
009471
009472
009473
009474
009476
009478
009479
009480
009481
009482
009483
009484
009485
009486
009487
009488
009489
009490
009491
009496
009497
009499
009500
009501
009502
009503
009505
009506
009508
009511
009512
009513
009514
009516
009518
009519
009520
009521
009522
009523
009524
009525
009526
009527
009528
009529
009531
009533
009535
009537
009538
009539
009541
009542
009543
009544
009545
009546
009547
009548
009549
009550
009551
009552
009553
009554
009556
009560
009561
009562
009565
009566
009567
009569
009570
009571
009572
009574
009575
009576
009577
009578
009579
009580
009581
009582
009583
009584
009585
009586
009587
009588
009589
009592
009594
009595
009597
009598
009602
009603
009604
009605
009606
009607
009608
009609
009610
009611
009612
009613
009615
009616
009617
009619
009621
009622
009624
009625
009626
009628
009629
009630
009631
009632
009633
009634
009635
009637
009638
009640
009642
009645
009646
009647
009648
009649
009650
009651
009653
009654
009655
009658
009659
009660
009661
009662
009663
009664
009665
009666
009668
009669
009670
009672
009679
009681
009682
009684
009686
009687
009689
009690
009692
009693
009695
009696
009697
009698
009700
009702
009706
009707
009708
009709
009710
009712
009713
009714
009715
009716
009717
009719
009720
009721
009722
009724
009726
009727
009728
009731
009732
009735
009736
009737
009738
009739
009741
009742
009743
009744
009746
009748
009749
009750
009751
009753
009754
009755
009758
009759
009760
009763
009765
009766
009767
009768
009769
009771
009772
009773
009775
009778
009780
009782
009783
009784
009786
009787
009789
009790
009791
009792
009793
009794
009795
009796
009797
009798
009799
009800
009802
009803
009805
009807
009808
009809
009811
009812
009813
009814
009815
009816
009817
009818
009819
009820
009823
009824
009825
009826
009828
009831
009833
009835
009836
009837
009838
009840
009841
009842
009843
009844
009846
009851
009852
009853
009854
009855
009858
009859
009860
009861
009864
009865
009867
009868
009869
009870
009871
009872
009874
009875
009876
009877
009878
009880
009881
009882
009884
009885
009886
009887
009888
009889
009891
009892
009893
009894
009896
009897
009899
009901
009902
009905
009906
009907
009908
009909
009910
009911
009912
009914
009915
009916
009917
009918
009919
009921
009922
009923
009925
009928
009929
009930
009931
009933
009934
009935
009937
009939
009940
009941
009942
009945
009946
009947
009949
009950
009951
009952
009954
009955
009956
009957
009961
009962
