3 0.804 0.44108761329305135 0.24 0.2054380664652568
3 0.269 0.5513595166163142 0.31 0.2990936555891239
2 0.929 0.24471299093655588 0.094 0.1027190332326284
2 0.753 0.24471299093655588 0.122 0.1148036253776435
2 0.649 0.25226586102719034 0.09 0.10574018126888217
2 0.5660000000000001 0.2552870090634441 0.084 0.09365558912386707
2 0.48 0.26132930513595165 0.088 0.09365558912386707
2 0.267 0.2688821752265861 0.122 0.09063444108761329
2 0.159 0.27794561933534745 0.11 0.06646525679758308
2 0.092 0.27794561933534745 0.1 0.07250755287009064
